# nothing

[/tmp/zathura.stdin.P9UNE0]
page=0
offset=0
zoom=0.61857529305680792
rotate=0
pages-per-row=1
first-page-column=1:2
page-right-to-left=false
position-x=0.5
position-y=0.083333333333333329
time=1579844255
jumplist=
